# Fri Jan 17 22:37:45 MYT 2014
# Building codes are first word of building spelled correctly
AcademicLat:40.512208
AcademicLong:-75.786278
BeekeyLat:40.515028
BeekeyLong:-75.785800
BoehmLat:40.511950
BoehmLong:-75.784617
deFrancescoLat:40.514181
deFrancescoLong:-75.785814
GrimLat:40.511314
GrimLong:-75.785797
LytleLat:40.513233
LytleLong:-75.787525
RickenbachLat:40.514400
RickenbachLong:-75.784614
RohrbachLat:40.513147
RohrbachLong:-75.785419
SchaefferLat:40.511842
SchaefferLong:-75.783544
SheridanLat:40.512644
SheridanLong:-75.783053
OldLat:40.510250
OldLong:-75.783061
